  811.arff                101         101         198  /         264         216940494    61047778   627318256
  542.arff                  1           1          15  /          60          33725499    30617765  3013822336
  214.arff                  1           1          17  /          96           7241651     2197695   585718289
  661.arff                  8           8          29  /          34           2482685     2839789    28516476
 1513.arff                  5           5          58  /         123          10899465     4364607    54820175
  559.arff                  8           8          31  /          38           1490375     1904125     9236136
 1073.arff                166         140         191  /         274          76646331     3291398    10010232
  224.arff                 85          85         212  /         286           1451672     3825593    15751358
  862.arff                 42          42          66  /          87            680615     1561518    31189034
  461.arff                 29          27          79  /         100           1443103     3307278    10079824
  446.arff                100          27         190  /         200            843595     1394183    30151496
  475.arff                173         200         207  /         400           3160855     2120288    23773746
  190.arff                 13          13          48  /          61            247693      143737     5937288
  747.arff                 71          67         155  /         167            472390     2296615    13517453
 1007.arff                 44          44          91  /         107           2404544     2358946     6864832
 1058.arff                  3          55          60  /          75           7552317   147548421   190922013
  453.arff                 19           6          34  /          57           3543164     3113054    61695191
  705.arff                  3           3          22  /          50           1316590     2539002   216406959
  442.arff                  0           2          14  /          14          22385012     4002540   448431172
  696.arff                  1           0          21  /          42           5100032     4217386   632204306
 1047.arff                  1           1         148  /         203          10435512     8388734   272929699
  865.arff                  7           9          93  /         100            232243      271416     5395641
  428.arff                 13           6          22  /          22           2517688     2413546    39604868
  919.arff                 25          21          37  /          40            920179      213426     5629324
  675.arff                  4           4          21  /          44            817073      718082   267217413
  663.arff                 15          12          16  /         120            413661      408187   209482007
  444.arff                 63          63          85  /         132            238036      236253     5507230
  713.arff                 10          29          44  /          52            139221      164464     4726937
  854.arff                 35          94         153  /         158            782311     1103704     6914261
  479.arff                 19          19          81  /          92            715420     1077682     5507502
  885.arff                 83          83         128  /         131            300956      301187     5312006
  468.arff                 12          12          63  /          72           1141248     1204341    81265620
 1060.arff                  0          55          58  /          63            929058     1577746     5171135
  693.arff                  0           1          10  /          48           8386573      636055   872076216
  796.arff                128         138         200  /         209           2638096     2932206     5668174
  941.arff                 90          90         158  /         189           1043297     1480114     9074594
  814.arff                212         212         256  /         468           1698685      589675     7190797
  964.arff                  0          12          33  /          36            446327      883137     8690684
  211.arff                  1           1          16  /          16            512289      450522   543436921
  758.arff                 49          25          61  /          67            781399      848300     7344700
  471.arff                 33          23          57  /         366           3086158     3802427   324174304
  895.arff                 88          93         198  /         222            257341      213500     9814140
  163.arff                  0          11          32  /          32           1734202     3161658    17514442
  874.arff                 21          21          48  /          50            256580      223793     4904073
  691.arff                  0           0          14  /          52           4525994     3239461   789706179
  199.arff                  0          27          27  /         125           3324438     2107164   434723939
  557.arff                 15          25          23  /         475           3117349     4468906   780498582
   34.arff                  3          24          64  /          90            379334      499874    18438517
  892.arff                 24          24          48  /          50            211617      267036    13833550
 1015.arff                 25          12          60  /          72            158801      156877     5283164
  800.arff                  0          38          71  /          74           1289215     1575907     7787739
  961.arff                118         118         209  /         285            876178     1044733     8570013
  462.arff                  0          10          18  /          23             86876      114785     7892893
  443.arff                  1           1          84  /          95            812068     1405021    93377795
 1455.arff                 50          50         120  /         120            272827      331314     5538555
  927.arff                 17          17          35  /          42            431631      648002     4694250
  916.arff                 66          69          68  /         100            311986      415800     5144590
 1117.arff                  0           0          55  /          81            283474      401177    13779443
 1098.arff                 18          24          38  /          48            179435      245753     4529164
  494.arff                  0         263         298  /         649            328041     1043522    96638203
 1473.arff                 12          14          88  /         100           1200869     2239789    10956240
  342.arff                 24           4          44  /          52            913651     1054869    13797905
  327.arff                 10          10          71  /         105           1842091     3515441    74460828
 1495.arff                 96         143         144  /         250            521118      635047     7589889
  498.arff                  1           1          30  /          60            647068     1177613   121220329
    8.arff                145         145         201  /         345           1634440     1316408     8981605
  427.arff                 14           3          16  /          16            604723      754392     6604257
  835.arff                 41          41          41  /          48            149827      165243     4996123
  719.arff                 43          43          94  /         137            504113      767515    14720001
  491.arff                  1           1          57  /          92            491587      629461    71379654
  456.arff                 53          52         124  /         365           1164608     1248828   119620764
 1512.arff                 10          10          93  /         200           1969986     2919261    60114700
  998.arff                 24          24          42  /          57           1194026      740579     6459108
 1096.arff                 12          12          38  /          50            210274      226025     7534109
  764.arff                 57         137         395  /         450            521620      558531     7016662
  406.arff                  1           1          17  /          25            294946      410559    77357632
  472.arff                 35          35          66  /          87            188410      220558     7870186
   43.arff                 81          81         225  /         306            448313      492109    10032893
  945.arff                 36          35          57  /          76            239578      292435     6580472
 1115.arff                 46          46          86  /         151            537222      665622    16037103
  502.arff                115         222         226  /         228            584890      844251     9136996
   55.arff                 32          32         138  /         155           1200019     1630411     8646941
  759.arff                 33          33          59  /          66            426569      610630     4418625
  345.arff                  4           6          75  /          76           6846091     4900525    14903939
  692.arff                  9           9          36  /          50            241748      270816    45073144
  229.arff                 81          73          91  /         200            920741     2357554    21397403
   19.arff                  6           6          78  /         107           1930855     1757241    93468486
  791.arff                 17          17          27  /          43            117818       81087     4246891
  984.arff                 32          32         334  /         366            941676     1079856    18076686
  510.arff                  6           4          54  /          62            577397      850443    58374794
  946.arff                 43          45          51  /          88            121787      114013     4689028
  710.arff                 32          45          65  /          66            176317      212871     4532594
  506.arff                119           2         124  /         159            976787     1733076    51826702
  687.arff                  1           1          11  /          62            656064      773897   437957035
 1167.arff                110         111         215  /         320           1183675     1764720    10424175
  553.arff                  0           2          20  /          76           1628214     1983525   861917668
  969.arff                 50          50         150  /         150           1063001      936757     7736796
  228.arff                  3           5          24  /          55            221413      191265   321528192
  551.arff                  9           7          46  /         108            752678      705893   302934986
  481.arff                 75          75         188  /         209            704646      944406     5885571
   17.arff                 11          11          75  /         107           1904308     6951536    85206964
  882.arff                 29          29          52  /          60            431849      625599     6690519
  530.arff                  2           0          22  /          66           3249475     3733454   724646427
  817.arff                 23          23          35  /          48            116217      122437     4331388
  492.arff                  4           4          47  /         140            589009      684042   270938085
  836.arff                 15          15          21  /          34            246249      278794     4784447
  452.arff                 21          16         119  /         285           7279196     2931945   120389484
  497.arff                 40          39          99  /         137            352134      500792     6311511
  706.arff                  1           1          55  /          93           1580073     1901607    54142894
  899.arff                 26          26          81  /          92            250148      247241    14953869
  787.arff                 26          24          39  /          50            232464      196194     6029898
  476.arff                 39          42          44  /          50            197948      238987     4860422
 1006.arff                 81          75         132  /         148           1001017     1422356     8071360
 1419.arff                 12          11          21  /          24            114218      125348    12506925
 1009.arff                 25          25          58  /          63           1160825     1324815     5449862
  712.arff                 13          13          21  /         222            877628      742795   566524241
  212.arff                  3           2           6  /          43            386586      328250   932640200
 1013.arff                  9           9         129  /         138            191763      159602     4577333
  714.arff                 49          76          76  /         125            772663     1002728    12028007
  682.arff                  1           1          24  /          87           3975452    10127412   549078465
  464.arff                170         131         214  /         250           1000148     1021893    11679388
  205.arff                  8          11          44  /          62           1293293     1933478    55456629
  569.arff                 48          45          78  /          93           2007030     1788527     6552283
 1099.arff                 26          30          53  /         150            626581      656525    45421228
  894.arff                 32          45          65  /          66            194893      237176     8464594
 1438.arff                  8          12          31  /          38            142479      113770    20728308
  777.arff                 20          18          37  /          47            216104      268859     4359941
 1091.arff                  0           1          17  /          59            413003    11521439   665560568
  938.arff                 23          23          35  /          42            277880      331830     4654439
  965.arff                 99          53         101  /         101           2940406     3723070     6371457
 1076.arff                 19          34          85  /          93           1370851     1507852    14645947
  852.arff                117          35         127  /         159            512066      807234    17578893
  700.arff                114         114         225  /         228           2488946     1496417     8795028
  485.arff                  8           8           7  /          48            212546      204748    68908408
  520.arff                 57          17          77  /         163           9064895     5495715   714782756
   52.arff                  0           6          10  /          10            202088      389875     4603788
 1463.arff                 43          68          68  /         100            193654      236760     5324541
  739.arff                 35          32          42  /          62            237387      661073     8855131
  487.arff                  1          16          30  /          30           8422520     4476726   786888606
  974.arff                 51          51          83  /         132            220622      227664     4564707
  222.arff                 51          51          95  /         130            610898      961589     8601710
  844.arff                120         120         166  /         286           1168251     1830677     8342993
  339.arff                  0          12          32  /          36            287902      682278    15068397
  426.arff                  2           6           4  /          20            584800      836813   912595910
  685.arff                 26          26          49  /         130            294808      248690    42146287
 1072.arff                 12          30          31  /          31            609864      581916     5693408
  760.arff                 27           4          28  /          31            305310      318183     4732795
  193.arff                  4           4          19  /          40            228235      318279    50622217
  681.arff                 30          33          49  /          70            220695      373369    10324263
  733.arff                136         140         196  /         209          28422947      727049     5105789
  890.arff                 32          32          76  /         108            364985      431478     7572611
  972.arff                 23          23          45  /          52           1104868     1449673     5647384
 1095.arff                  0           1          36  /          77           2128442     2872157   380222221
  929.arff                 35          47          48  /          70            219075      261471     5443838
  738.arff                 74          74         160  /         195           2575189     2698923    10226175
 1465.arff                 11           7          61  /         106            849743     1412726    70896908
 1035.arff                  2           9         314  /         488           5525560     3081212   204260301
  771.arff                 41          60          81  /         108            183421      212566     5721077
  203.arff                  1           1         100  /         189           2228256     2846295    92883716
 1075.arff                119          72         119  /         130            504855      618161    15400400
  521.arff                 15          15         120  /         120            875500     1166893     4966637
  680.arff                 17          17          78  /         185           1414783      721697   118713422
  861.arff                 35          35          84  /          93            946758     3042586     7747878
  501.arff                 34          34          93  /         100            365351      562629     5748231
  486.arff                  4           4          29  /          30            499955      492282    14656538
  721.arff                172         149         178  /         200            635357     1116949    12260868
  457.arff                  6           6          18  /          27            141230      104985    46250537
  450.arff                 19          19         250  /         264           7786650     1848128    30778982
   10.arff                  1           4         135  /         148           1798470     2298618    38304580
  340.arff                  8           8          43  /          52           1104458     1086636    16122465
  921.arff                 32          46         115  /         132            280368      212781    12076976
  329.arff                 76          60          87  /         160            331977      289839    56226092
    4.arff                 20          20          54  /          57            462116      559309    22709426
 1094.arff                  5           2           8  /          39            425764      389872   878819202
  898.arff                 26          26          47  /          54            161108      243497     5439336
  924.arff                 65          65         114  /         130            286399      241983     6898144
  942.arff                 24          23          30  /          50            105162      106560     4858312
  518.arff                 20           2          72  /          74            439976      725862    35764035
 1001.arff                 35           6          74  /          76           2360194     1909687     6925108
  939.arff                108         112         225  /         228           1105026     2396920     8014226
  893.arff                 33          32          41  /          73            371233      239530    19021982
  459.arff                  6          45          63  /          83            227732      191325    15229215
  988.arff                 41          37          48  /          67            949299      897379    15059117
  697.arff                 26          19          41  /          46            273841      129155     6570415
  210.arff                 24          24          35  /         108            595017      511998    50937051
 1559.arff                 14          14          66  /         106            635115      999737    39999040
  686.arff                 22          22          45  /         264           1016073      680296   352808504
  555.arff                 18          25          30  /         450           2770142     3106839   769120729
  765.arff                 68         146         411  /         475           3975309     2204986    12053375
  711.arff                 17          17          22  /          88            245191      216880    46251902
  172.arff                  9           6          13  /          15            225664      235262     9296679
  431.arff                  3           3          12  /          13           3917055     2922020   326966299
  523.arff                  1           3          93  /         100            204444      180422    12916877
  467.arff                 25          26          42  /          52            229402      325722     4457581
  659.arff                  1           0          19  /          47            819818     1197051   773701563
  859.arff                 31          31          74  /          74            326839      430026     4879387
  736.arff                 53          53          79  /         111            222409      235812     4977625
  857.arff                 14          14          38  /          40            180014      247061     4867864
  519.arff                  1           1          78  /         380           2008503     1581521   603565072
  804.arff                 36          36          54  /          70            775758     1003291    21254575
  532.arff                  4           0          18  /          31           1001524     1115717   220771159
   48.arff                 36          49          82  /         151            588446      641248    31743557
  338.arff                 41          25          78  /         155           1096323     1478388    31429738
  429.arff                  2           5           4  /          19            452062      707445   520640880
 1420.arff                  1           1         108  /         209           3742517     5557247   481315091
 1062.arff                  0           8          34  /          36            457932      687004     5052341
 1027.arff                  2           9         314  /         488           6883882     2503287   235456367
  748.arff                 77          78         124  /         163            300485      362387     5207571
 1026.arff                106          49         121  /         155            579494      828344     6696127
  480.arff                  3           3          60  /          61           3215443     2393468    26847380
  790.arff                 24          24          50  /          55            374300      280999     5856188
  689.arff                 50          52         153  /         468           4102010     3418283   200864525
  842.arff                 24          24          50  /          60            229119      350463     4653495
  848.arff                 10          10          28  /          38            108383      122577     4379040
  232.arff                 97          58         100  /         158            585989      858871     6682962
  944.arff                 66          66         104  /         130            448554      675290     5663792
  780.arff                 21          30          38  /          51            253846      254750     5153086
  552.arff                  1           1          13  /          13            757749      834571   359444709
 1051.arff                 27          23          56  /          60           2049940     2786832    15562471
  767.arff                 63         139         414  /         475            494556      501019     5796543
  992.arff                 27          27          85  /          95            447678      743093     9322806
  477.arff                 63          18          63  /          67            648233      841018    16873837
 1556.arff                 59          59         120  /         120            953118     1378522     7541827
  815.arff                 14          23          44  /          52            303027      453849     5752052
  864.arff                 27          27          43  /          60            306403      381995     4974237
   13.arff                 85          85         206  /         286           1158897     1991940    12782231
  875.arff                 29          28          81  /         100            176183      200120     5198831
  441.arff                  4           7          15  /          15            403594      535696   472089717
  556.arff                 15          25          23  /         475           5476003     4214412   784517051
  955.arff                 52          52         114  /         151            293724      316150     5034302
  867.arff                 35          93         105  /         130            129689      106535     4623156
  968.arff                 53          56         322  /         365            484423      502005     5547673
  440.arff                  4           7          15  /          15            382424      723739   491790484
  829.arff                 41          66          69  /         100            231282      280984     4554865
  490.arff                  1           1          11  /          54            794664     1138103   532189751
  887.arff                 29          29          39  /          61             82247       82468     4538106
   62.arff                 37           7         101  /         101           1918126     2516899    98616919
 1055.arff                 20          20          69  /          89            247260      344461     5740061
 1093.arff                  1           1          16  /          40            621287      713936   866881753
  515.arff                  1           0          11  /          26           2152371     1549016   690229924
 1025.arff                103         126         310  /         400            859191     1134241     7955141
  755.arff                 31          31          49  /          62            240728      209153     4328788
  729.arff                 17          17          41  /          44             88188       90449     4354263
  527.arff                  1           2          29  /          67           3153161     4078335   856084882
  535.arff                 20          20          30  /         100            236711      253084    46248140
  230.arff                  1           1         108  /         209           2080827     2566688   485238227
  208.arff                  1           1          13  /          13            841153     2033757   366527488
  448.arff                 44          48          80  /         120            150873      154665     4971145
  192.arff                  0           1          10  /          52            399080      424471   768200028
  500.arff                 33          36         229  /         468           2057044     2295797   381699753
 1057.arff                  1           1          57  /          76           1018194     1387667    67129798
  928.arff                 25          25          43  /          46            129927      133174     4896530
 1090.arff                 10           8          43  /          53           1161249      877477     9416632
  784.arff                 66          55          99  /         140            692025      728951     8897393
  683.arff                 30          30          49  /          60            198444      270564     4495297
  724.arff                210         211         260  /         468            509531      510306     8555062
  754.arff                 84          84          87  /         100            236716      299932     5491158
  343.arff                  1           1          56  /          63           2775599     9471682    68918327
  905.arff                 14          27          28  /          39            137302      140171     5779020
  561.arff                  1           1         108  /         209           2578085     3988743   483671502
   61.arff                 50          50         145  /         150            287744      282471    13035377
  891.arff                 36          36          80  /          93            228262      247150     4813696
  801.arff                 87          84         126  /         185            256503      248129     5768125
  433.arff                  2           2          16  /          16           2479384     1841338   533362344
  328.arff                  6           7          76  /         105           1088113     1665025    70531396
 1456.arff                 22          21          92  /         106            305091      444338     5273619
  731.arff                 47          47          70  /          96            241589      272882     4794527
  213.arff                 53          53         182  /         195            740476     1151961     9464148
  902.arff                 69          83         101  /         147            309927      349529     6031250
  960.arff                 26          36          64  /          90            298825     7570669    12844387
  526.arff                 44          44          87  /         132            244328      254392    33486065
  860.arff                185         185         315  /         380            325024      242784    14354134
  782.arff                 75         109         116  /         120            176400      114418     9737080
  726.arff                 70          80          77  /         100            265846      275712     8620473
  217.arff                  0           2          73  /          74            529438     2677178    49700658
  665.arff                  1          24          57  /         147           2216581     5999308   886425156
  544.arff                  2           2          40  /         131            639324      659991   373888160
 1089.arff                 16          16          44  /          47            350033      405710     4941536
 1074.arff                 10          10          55  /          81            500596      704139    14557807
  483.arff                  1           1          14  /          20           1851515     2273125   700299046
  465.arff                 24          24          78  /          97            399507     1858781     7873922
  985.arff                 24          24          45  /          52           2422626     1489623     4686461
